-4355587
-2330879
1117529
7906684
-3311145
-3545433
3004962
2522824
9274673
-3066356
3541412
770563
-5661854
2852384
8757188
-9772875
-7576066
5113593
7842304
2324428
-633966
7138794
-9150449
5698417
6770454
-8338145
-8839309
4443620
-6173142
-3037468
-2267101
-8031494
-5619420
-8231613
8349980
8175259
-6993501
-8258306
-9295180
-3974276
-1304936
-1397549
8047968
3124546
-8083277
7052711
4388899
8061561
-6118142
-9407358
-4733297
9382710
-9477469
8273479
9281618
-3854989
2227694
-6816377
-6489673
9864328
970314
9966428
4403333
4348889
-691587
-657009
-1375681
5392424
452731
-2123935
9659508
-4228743
1989764
4699275
-6223411
-1548593
-520969
-5095123
-336982
-7486154
8572434
5121604
16979
-6650039
-3274043
-3995648
-4047953
-18057
-5327309
-6065136
-8783075
6288591
-8523943
-5281664
-6809424
5579221
5224086
-3744369
-5139504
-557504
3412496
9791402
3718711
-7457695
419698
-4347338
8373238
1154356
-1703892
7670748
-9261920
-4828013
4722517
5532810
8215497
1184719
7220833
-8554971
875421
-9466416
9728748
-9907293
5101396
798561
7945201
-5785922
2927585
5228715
-9959963
-1428371
-383077
-8511780
-2530265
-3612270
9294200
-6553237
6169414
7769105
8478497
6385243
-5208140
4165273
-9359586
1134963
8018510
90988
1085416
-2729355
-7742275
-8476537
-2984827
-864749
4916797
3958172
-8437827
-2628044
2392259
5762678
-9264086
3219454
-4317076
-7375110
4976454
8433180
-5546397
6192251
-2027184
-5451984
2578439
-9496445
4394220
-7346738
-6966233
-2090015
1781125
3002913
8103574
-8103300
-9113748
-5485737
5675256
1696243
-1868642
-4258330
3787688
-6478166
392834
959616
3650655
3019544
2424366
-2901320
8725372
3839346
-7438500
8852599
-5986015
2909390
-7142480
-9541990
2329054
3407982
401116
2847522
3439160
6588086
9824008
2358558
2561934
-6959377
3687222
1203250
-2648959
-9446836
612943
870248
-3162632
2867654
-4836101
-3461598
905048
5172841
4970250
5496179
5544479
2676129
1673554
-2487895
-9499564
8627781
-2246466
1771390
-2394758
1849392
3747325
-2079586
2083843
6741448
-6241778
2419245
-7768782
2984879
5623401
2127480
-401688
-7375697
-3132313
2141821
5644376
3277647
1452498
8761474
-1248262
-1284436
-128415
3086065
-5517432
8033669
-8908847
3374626
-2436865
-1480488
2894440
3905367
-2071370
-736254
4538745
-8257813
2850642
-5306893
-28142
3610875
-141772
-591965
9371611
6098562
-3892345
-1345100
7592149
-8717394
7586070
-4709359
-8435968
-9081546
839818
8017792
-7342277
8481866
-9248351
4398804
-239545
-3055604
9294942
-3961151
4661267
2909032
4225760
-372838
-5935560
-4829765
6157364
-3706647
5701750
-3149327
3507482
4230816
432405
-1405030
883827
3597507
7201349
-643157
2248843
-2367459
-9599991
8230401
-9419959
-4079718
-9687269
3204864
-5933769
-7454465
-381464
-3163450
7785937
-7213573
5340524
4455940
2107253
-8029797
-8682681
-6296499
-3840309
-5054154
9313482
-1449770
4501160
-1225563
-8066224
2445814
-3409003
9559087
6700797
5023821
-7763116
-4201880
-7234286
7903742
-9572398
-1951883
3969517
-3532373
3454899
-9657063
-4951127
-3082585
-514391
6765165
-9590439
-1039093
7167041
-7763911
5385588
-5465968
6683456
9866234
8945994
-8750214
8757715
7921844
-1269645
-3970202
9122887
-738223
-3755672
-7345634
2496361
-576037
1220457
1323715
-6076845
-4166401
-6100970
9156804
4854068
63205
-9078492
3908802
3238210
-4363689
-6713225
-2206776
-4621872
5697028
3197054
-2753902
5242794
8112175
4129125
-4346976
8100531
6135784
9572627
-1281366
4213999
2896675
-6160217
3885642
5242397
6977859
-4651695
4307854
-5984953
4873835
-3701974
1348128
-6884070
-4259351
-2466571
231672
-658639
8372166
4689017
-9418997
-5328075
1150435
3977080
8206978
1444857
7476629
8307792
7192596
7881434
-6660215
2396739
-7947697
-1888153
-8993809
7398502
-6612330
1489160
-3070491
6111535
7262578
3360648
-7803305
-3489788
9060754
-6980643
-296437
-7521228
-6013902
2682834
4200042
8914989
6828056
334647
-1392487
6025605
-9287004
8541277
784432
8497199
-4504537
-3853968
-1161111
8742550
-5528657
-1017695
3651413
-5837926
-561678
3203846
-7706948
-6099650
-6100847
3551446
-4237151
6047759
9517888
-70328
678103
-8572556
8052597
8111759
-2648647
-9400536
6353995
7970145
-8503558
6423932
2859436
-1195465
-9383490
7934745
-4171875
686251
-1071384
-13022
-3390444
-3287520
3021657
-3683427
-8399275
847601
5132929
3666496
1430178
967355
2591637
5452455
-873227
-1096808
-4429955
5004021
-4235161
1356013
-3287207
8643539
2830743
-64764
-3189774
3925611
4959151
9358158
5153675
556381
-7277288
-4656086
1458551
-4663435
1568316
4893378
-1681321
-6276453
8910215
6413163
-6355941
9721103
9394803
-3508766
8061260
-1298436
1973200
1403176
-4404896
-6302484
2412625
-9936194
3955095
8471232
-3283418
5892809
4479692
-2657978
-6720977
-5630145
-6216090
3508955
6052026
7278901
-4142826
1218664
-5440306
7378477
-2853851
1638752
3647719
-1445596
8128490
-8417633
-6956910
283625
-8514710
9775812
-1521307
6153300
-8141728
4770912
-8531262
-9833010
-7126806
-6919434
854398
-4343139
5434603
667275
6542595
1076885
6650822
-3498827
2647760
9691030
-6773604
7158536
-6056482
2063566
-1144221
9777734
-2792999
-4924938
8910022
-3019355
-9358040
3959457
-7097285
1818559
6103278
-4588148
-2010703
-5139753
4333909
-8143006
3028783
7894493
4181
3420130
-6958165
-8389153
4854658
-8603635
5398789
-5111986
-4708272
-6450022
-6966174
-5228173
2214387
9100816
-7609539
8688692
3614483
4362172
-9666989
9271615
-5621692
-1173774
-776528
-9876131
5375175
3601409
2134947
1664758
-9007659
-9756289
8809408
1496072
-8229883
2385945
-9525442
4056690
2988016
6097074
-3619634
7470349
-8161097
3323046
-7609859
9754237
6620575
5735093
2426304
7180703
769730
3722366
2200878
9727335
-8145379
-3856447
6521088
5698654
-677426
-4418520
2536575
8130943
9811217
19006
3389330
9425610
7205859
-1420421
359458
-9496778
8195740
-9957899
-2904327
8248118
1351985
-5220719
7458891
-273499
1547795
6904294
-5487137
5611366
2912493
3021195
6372436
-7372637
-1959359
-1995666
-3566612
8805486
6840716
-7333213
2449740
-9259436
-2659588
-2631345
2824588
-7331249
356281
3375192
2222356
-3225563
-1269201
-1648018
-9985341
-281260
7245203
7867983
900636
-2247051
-706156
-9157556
6272282
-9503296
2225242
3637232
-1705396
-7945068
4854105
-8100057
2918235
7033668
-6788641
-6668103
-8559865
-264853
299418
234642
6794904
2992586
6930884
-2836229
-4368595
9723651
601554
-1010647
-4056091
-3172769
-4661741
4461520
-2516916
5942169
-8302366
5834019
8716706
-6568872
6092017
3124694
-1398526
-4977419
-1552366
5863686
1425939
-6552777
-4535478
6498897
-863994
6495031
-6167878
-3273429
3584133
2528663
8648046
-8187443
-2037169
-4659302
-9108746
1461296
-3758392
8607262
-145803
-4410305
-9574671
8654828
4622540
-6988215
-2217638
7150432
-6624864
-6050587
8476975
3261720
5926999
-3523376
9548217
-2289055
-1135900
8317969
4177593
9874984
5321145
-9121308
-6687833
7875747
-2022365
8963276
-7028898
-8532891
4432046
9915517
-2576818
-6710296
-2910545
140733
-4014019
-2790288
-4353671
4922604
3816935
-9964090
-814071
-2082820
-449190
-8065732
337295
-7729595
5220734
9224143
956476
-1887081
-2603980
7341653
3669387
7777000
4465563
7172537
-7780834
-2791990
-2109529
-3128066
-1031157
7647146
-7932146
752832
-2583715
-7768090
2136503
2355573
1887115
2833795
9483948
679179
4939403
-1807039
3286876
2975722
9836955
-362139
5483967
-8881673
1667959
-487708
1850789
-2233811
1548076
-1326542
-5829073
5369150
-3783918
9498180
-2138786
-2226192
6910857
-5074932
-1358765
9636896
-4410235
2496525
-6436635
-6257362
-8879160
-9857106
6754336
-7217177
9449141
9861244
-7949062
2152903
-246987
4980311
-5656591
6295438
5015381
-8691094
-8707373
5214326
-859934
-7313294
2735953
5936009
302831
-3991970
6486847
2486556
1605826
-1480253
-2158986
-3363712
-6369371
-581545
-2455956
6071785
8530382
-227172
-3529030
724082
8939653
-9880216
9053207
1096767
-9825255
4955450
-7201611
586366
-3948679
8370487
7454898
-7012589
-7900918
-4287452
-9234221
2967328
-5427429
5008466
6754613
6677598
-160985
-9064500
-7755868
649806
5174755
6689084
8761444
-1097162
3088233
-5000909
-5806671
-4800775
9822802
7326473
-4446539
-647466
-5697136
-8451530
-745086
-8314068
-1261212
3462092
-8134591
341208
9539544
-2124192
7765795
2412873
2676122
-5152982
4782311
7239926
-9271510
7403818
-9427821
135599
-201109
-873202
5695155
968435
2869296
2219572
7527020
6511636
-9897665
-4019279
9339615
-5249300
5231381
-7700122
-5759467
-8859389
8859143
-5145171
-5413244
2540264
-1012614
1367822
-6289354
-5659033
607788
