-2197420
1901456
-8498368
2575604
-6721932
2775484
-7536208
-149744
-2112358
-2645468
-9267694
9848772
180426
9774818
-8147532
-6773352
-2710254
3426160
5845812
-156096
-5744628
-9561478
-9482328
989800
-9874172
6474080
-9281150
-6692232
1312604
41722
-2092818
7188430
-9638732
9722852
9663236
-9837378
-5885502
-3786956
5581812
5914886
-1113810
730552
4273772
-4126286
-5345134
3028566
-2578336
-8871270
2658364
1234618
-1814294
-1354842
5839798
-6856498
7310378
-699354
-8997298
4445312
-7863938
2107978
-481716
-5011610
-9505506
3556586
-453250
7430340
4200788
-1733074
9659072
-3073572
5672540
-8459948
7075544
5738388
9719936
8480278
7657840
5089546
-1035242
1729742
7416002
9623846
-5926382
-1170782
4090598
6699238
-8278116
-2993892
-9376104
-9093796
4303286
-4767208
-1298524
5130886
-5777684
6339262
8452898
-8759984
-1360108
9555078
2067178
5660968
-1167384
3593548
-146436
7179252
-6291478
-1121436
702268
7322900
18080
-5075094
6870796
124008
2551596
4496366
4954930
9297504
-6131204
5379670
3176148
1897408
-7380830
609650
-5455588
-7777328
2746864
-8932360
-5707118
-8255034
-4826738
4971840
-6126708
-2647848
6089420
3626560
2923940
-2262102
5626690
2528412
-1064682
344172
-8374580
-7666936
-6557954
2312628
-7624072
-7071308
-3203650
-8456106
53838
2159354
-5240218
2074742
9226608
-8773700
-5802398
2003566
-5649566
4772582
667736
3482622
-4073070
-7975512
-4455832
-3912898
8123720
5355010
-2366392
-1154344
4823410
7256826
-7775342
2829576
4841566
-8737030
5853144
4099894
-813702
-6191748
1327588
-5313982
7184646
-4544728
-2104856
-1958170
-3395464
-5892092
9273146
-2197408
1567046
6678476
-7278200
-4552462
-6930402
1779162
2910266
-8955638
6739720
-3527126
-5322058
-2244384
-8395936
7091844
-5174842
-714534
1953792
1714200
6908436
-8071988
2467152
-7578550
-1064848
8177696
-1536760
-7393616
-467838
7710610
9434116
-8621264
-1660602
-8604662
-5053894
-2390284
2268930
-3101386
-953418
-7243304
-5619460
-1628826
-2293444
5701372
1548428
1576108
6999700
-389436
-6123774
-4383078
1818536
1130016
6400834
-2526696
6149060
2687220
-222638
-6558136
709152
5764686
566830
1883382
-6032236
-7755346
6245684
-9981052
435518
-2835054
5105492
-1235314
6854070
-5312766
6426148
7434964
199286
9789898
-5294718
5648548
9758010
4098712
-6366102
-6119514
4751490
-9367836
7961512
5917488
9344666
1350508
9700748
4023162
-2498052
-9448768
-4716726
6363930
5390812
-3843798
4521824
993364
7058942
-899076
14422
8593556
-6771214
2843766
-9159844
6928736
2714406
-2632166
3003366
-3752024
9920380
7114032
6017918
7449014
-1739572
7418442
-7027670
-8075554
1380186
-1313636
-6443524
-9601006
6910486
-5751522
644408
8213330
-980562
469716
1068694
6862276
-8652090
-8257064
-9838334
8884050
-3540654
-213390
7937228
-8352024
-9769132
4255388
-5546016
-6785064
-2631724
2847460
-6121714
2459508
-7942508
-9358404
-1096458
7951150
3908736
-7523270
-5528996
6412128
-7287864
1073370
373832
-4551348
2522666
2326924
-2946818
5579588
-3367614
9223784
5510830
1542166
-1823058
2988458
9758494
-5696618
-7296890
-784874
7358686
2137730
-1223270
-1494392
7630382
-9360128
-5828652
3162606
9690112
4957294
-7332880
242572
9501038
3347248
262392
8912730
-2713292
9970770
-7834142
5063632
-2211894
953908
5719154
6444010
-7811660
267886
-5590702
-5606408
1492766
-6117292
-5504106
-8924116
-6469094
4789722
8168256
3273702
-3111022
8981506
37428
-2394628
4827536
-5825378
-8014664
1801120
9638814
863656
-7618374
-6423032
5063114
-4257456
-2086286
-4153864
2897940
1370080
6444214
1548592
-6132444
2310562
-9871188
3104420
-9933270
8290540
169346
-1374122
-4011172
-7806218
6339936
1191506
7861358
-4100844
6764360
7868308
3192468
7697428
-757992
-8705114
663536
-3546476
-3427096
4076694
-1341906
7108372
4875424
1169982
-2846654
-3146804
-650376
115848
-777900
98708
-3592814
-6955656
-7781452
-7295644
-2757090
2006340
-2982924
9874378
-7623476
-8289996
-9142140
5618160
2117400
-2861654
-1659286
-8381270
-9550594
-4386808
1548520
-7820510
809996
344036
5012964
-422156
-5395786
-1870212
8909044
4124228
-9928368
1398814
-6119848
-2663946
-8577750
-7944920
-5269490
-241688
-1037508
4195146
2362306
1259762
-2987758
-8653850
-1653454
-798346
-2577712
-5757788
6666138
8953098
-7025904
9248470
884254
1213774
3810134
-7671612
-572722
2661806
-7941794
2923776
5872378
-265506
5858560
7865558
7971648
4745734
-2228622
2077960
-1118338
5612186
2313842
3859050
-9178018
3738542
1058258
1240264
-8118068
-326026
2227500
-3826560
8129870
-4266312
2178872
6253758
2592966
3565444
6060016
8562918
-9932480
-9341718
-3430822
-1587522
9090692
-2315608
1216648
4838732
3569036
9762238
-4195746
-9672056
-5154132
6750602
4462792
7706844
9696082
7150510
2024644
-7982720
7959504
7899766
-5879720
-4554698
-139468
5572040
-6749530
8940772
-4901076
-6079090
-2565072
-355886
7754232
2492836
-8411934
-3434490
-6607674
-8482506
2787030
8622482
4349840
-3501526
-9153194
-2671908
3256618
-4516608
5139864
992994
-7314934
-3671416
-9132298
-8040440
-4527202
-16604
-9335720
2515938
4172954
-7251576
-3005684
170546
8987844
-2630538
3483116
-6682688
-7742126
-1878520
-1562738
-2480384
9445858
-2708120
-1572706
-3612642
-715110
-7633800
-3361634
-2533398
-9431196
-8912058
7534406
-2273938
-7749562
6842578
7655228
-749184
2288014
6683870
4360926
-598176
2036026
-1804580
-9838114
9881814
-3280836
2590680
8376104
3273900
4404400
-4756950
-3638566
-4896594
9056258
-7951696
-3563302
-6891138
-238600
-2745278
-4827178
-9330722
3698494
-9131426
-8126440
7937630
-745442
942172
3670014
-8487162
-3721482
4121466
-5487408
3926388
9636352
-7045908
-5978526
5409106
-9752206
-1349016
-1539410
-6672668
4739554
1298080
-3507286
-1428670
8931864
819452
9538458
5869886
3401622
3878358
3972156
-6197176
-1335640
9350208
-8720492
6454828
-770348
8059512
8089072
9074806
-2325316
-4259412
3228278
-49684
-1965616
5718080
-6627616
4004938
8100292
7804386
3392868
5882514
2828902
-193148
6372510
-5870366
-2576408
-675084
-6273808
8456254
4599376
5872664
7390198
-1947788
-7558176
6726050
-6982282
-2083798
-7630074
-4311016
-9016646
-4822342
-2057308
4291786
5108384
3482830
-7995942
-500394
-3552448
9333806
4030476
-6620710
6597946
-1449916
996634
-935834
-8237288
648704
8620158
-7753166
-1570808
886508
-5364940
1258886
-8513198
-4347582
-4307584
-6633044
-9516706
631226
4998604
6610406
-2245030
-1871182
-4945490
4407022
-4017106
-7253596
-8927994
-371462
-3814276
5732178
-1589786
-3186416
6522048
6535194
1457534
4522098
-3965208
3603446
-5543426
-6346878
1368282
2627466
-2472802
802792
7907300
556038
4818726
-8433172
1313920
-5438708
-3287232
4315022
7531320
1664366
2012682
6630138
-943602
-6456804
4014674
1783436
1909310
-8892678
4168380
-7395174
-4451642
-8426126
-5489384
1237218
-541544
-4986416
-8680914
491610
-5152358
7436112
-9836288
-6934734
-6139644
-4453136
-3477470
6246476
-6773710
-5108006
-3263440
8261340
-6580324
7417132
6960272
-6210326
8066892
4599164
7622510
-9819072
-4776072
-4121654
1075962
7894128
1197016
-6065734
8722890
305212
-4885730
2000018
-5877140
-1222074
-6767768
-1211784
-1707496
-4319162
-6217938
-2349000
9997104
-8012096
1725288
-5067006
-6516704
-37616
-8960134
4143186
2687722
4197246
8083780
1015552
-8815696
-2099832
-3565566
-8302606
-4503996
-8696688
-8011944
2837836
-2491802
-1657590
4854528
7807218
7511538
-1257078
8984480
6819470
-7378972
-8073466
9351464
1705864
4730800
-5034766
-8428614
-5083744
5704642
-6088350
-5924614
4872794
3474366
2127962
9187106
-9118722
9572626
-5801486
4770370
-8479734
-10958
-8456616
7614624
1455918
-8679216
6594038
6300456
-4231208
-4128360
-2105730
6052298
3675350
-4783734
-1367642
-4385658
3645906
-3125844
-6623948
-6536166
4980468
9551570
-3778780
-5308470
-133220
9478216
1007204
4326632
3611944
9528860
3512884
2282264
7356368
-6048670
8491924
-7541556
-410754
6679540
2579040
2544838
4134400
-8230696
-9282094
-5221638
1745860
-2781540
-5189036
-4846746
-6092740
-3167668
4588060
6544182
-8046282
-9345290
-7684520
3226976
-4418678
3972240
-3351032
-1803194
403764
8318370
8468058
-3321806
-6762066
-5805266
2576436
-7553806
-7664010
-4060728
-6121252
-4393932
-6618434
-2684376
-7749146
-6117220
460788
-9007634
829108
1949962
-9573202
-9490206
-610928
-1470236
6631196
6067914
6063332
-7820600
-9203508
-8806882
1856242
-6863934
-2348854
-6771254
4556070
-1420130
7662644
-2861498
-9811644
-6852176
3896146
-2409916
3478892
-8844018
-4440566
1216348
2671296
-7135090
4303264
-4249024
5636434
2042626
-9533820
6952370
-2896596
280976
4888426
